1. PERSISTENCE OF TEAM STRENGTH ACROSS SEASONS
   end-of-season rating vs end-of-next-season rating, teams in both
   transition      teams   pearson  spearman   gap
   2016 -> 2017    2882    0.621     0.618   1 yr
   2017 -> 2018    3120    0.673     0.677   1 yr
   2018 -> 2019    3298    0.723     0.724   1 yr
   2019 -> 2020    1838    0.709     0.722   1 yr
   2020 -> 2022    1586    0.739     0.734   2 yr (COVID)
   2022 -> 2023    2829    0.810     0.810   1 yr
   2023 -> 2024    3075    0.789     0.787   1 yr
   2024 -> 2025    3240    0.809     0.813   1 yr
   2025 -> 2026    3365    0.777     0.785   1 yr

2. EARLY-SEASON ACCURACY (weeks 0-1) BY CARRYOVER STRENGTH
   seasonShrink 0.0 = reset every team to average; 1.0 = carry rating untouched
   year        0.0    0.2    0.4    0.6    0.8    1.0     best   gain
   2016    66.23  66.23  66.23  66.23  66.23  66.23    0.0   +0.00
   2017    64.77  65.96  66.64  66.99  67.10  67.48    1.0   +2.71
   2018    68.90  70.43  71.00  71.58  72.51  73.02    1.0   +4.12
   2019    68.79  70.44  72.02  72.07  72.60  73.03    1.0   +4.24
   2020    69.86  71.56  72.16  72.96  73.00  73.07    1.0   +3.21
   2022    74.76  75.89  76.32  76.51  76.53  76.48    0.8   +1.77
   2023    72.57  74.79  76.03  76.22  76.58  76.35    0.8   +4.02
   2024    71.52  72.88  73.83  74.64  75.10  75.65    1.0   +4.13
   2025    73.18  75.43  75.98  77.26  77.81  77.74    0.8   +4.62
   2026    75.42  76.54  77.62  78.35  78.88  79.26    1.0   +3.84

3. FULL-SEASON ACCURACY BY CARRYOVER STRENGTH
   year        0.0    0.2    0.4    0.6    0.8    1.0     best   gain
   2016    71.46  71.46  71.46  71.46  71.46  71.46    0.0   +0.00
   2017    65.07  65.86  66.42  66.77  67.03  67.26    1.0   +2.20
   2018    71.75  72.57  73.19  73.69  74.11  74.45    1.0   +2.70
   2019    71.35  72.13  72.92  73.22  73.36  73.41    1.0   +2.06
   2020    69.83  71.57  72.13  72.87  72.85  72.89    1.0   +3.06
   2022    77.45  78.02  78.18  78.42  78.75  78.71    0.8   +1.31
   2023    74.37  75.46  76.02  76.34  76.58  76.44    0.8   +2.21
   2024    74.28  75.08  75.67  76.09  76.52  76.86    1.0   +2.58
   2025    75.78  76.80  77.25  77.83  78.31  78.44    1.0   +2.66
   2026    78.28  78.92  79.47  79.87  80.12  80.20    1.0   +1.92
1. PERSISTENCE OF TEAM STRENGTH ACROSS SEASONS
   end-of-season rating vs end-of-next-season rating, teams in both
   transition      teams   pearson  spearman   gap
   2016 -> 2017    2882    0.464     0.466   1 yr
   2017 -> 2018    3120    0.501     0.510   1 yr
   2018 -> 2019    3298    0.534     0.538   1 yr
   2019 -> 2020    1838    0.547     0.552   1 yr
   2020 -> 2022    1586    0.603     0.590   2 yr (COVID)
   2022 -> 2023    2829    0.665     0.665   1 yr
   2023 -> 2024    3075    0.647     0.647   1 yr
   2024 -> 2025    3240    0.666     0.670   1 yr
   2025 -> 2026    3365    0.631     0.626   1 yr

2. EARLY-SEASON ACCURACY (weeks 0-1) BY CARRYOVER STRENGTH
   seasonShrink 0.0 = reset every team to average; 1.0 = carry rating untouched
   year        0.0    0.2    0.4    0.6    0.8    1.0     best   gain
   2016    66.23  66.23  66.23  66.23  66.23  66.23    0.0   +0.00
   2017    64.49  65.19  65.66  66.17  66.54  66.61    1.0   +2.12
   2018    68.74  69.43  70.03  70.25  70.49  70.92    1.0   +2.17
   2019    68.19  70.08  70.93  71.40  71.98  71.69    0.8   +3.79
   2020    69.73  71.03  71.56  71.94  72.56  72.56    0.8   +2.83
   2022    74.95  76.05  76.45  76.24  76.29  76.37    0.4   +1.51
   2023    72.66  74.15  75.34  75.78  76.26  75.90    0.8   +3.60
   2024    71.35  72.78  73.30  73.95  74.41  74.69    1.0   +3.34
   2025    73.46  75.03  75.83  76.57  76.86  77.05    1.0   +3.59
   2026    76.28  77.29  77.96  78.09  78.82  79.00    1.0   +2.72

3. FULL-SEASON ACCURACY BY CARRYOVER STRENGTH
   year        0.0    0.2    0.4    0.6    0.8    1.0     best   gain
   2016    71.46  71.46  71.46  71.46  71.46  71.46    0.0   +0.00
   2017    65.20  65.47  65.69  65.98  66.25  66.49    1.0   +1.29
   2018    71.64  71.98  72.37  72.61  72.76  73.18    1.0   +1.54
   2019    71.30  71.83  72.31  72.47  72.66  72.76    1.0   +1.46
   2020    69.68  70.91  71.41  71.80  72.37  72.39    1.0   +2.71
   2022    77.69  77.99  78.27  78.23  78.35  78.38    1.0   +0.69
   2023    74.62  75.18  75.75  75.96  76.20  76.20    0.8   +1.58
   2024    74.21  74.94  75.21  75.55  75.80  76.05    1.0   +1.84
   2025    75.98  76.69  77.13  77.64  77.85  78.03    1.0   +2.05
   2026    78.34  78.86  79.03  79.33  79.62  79.73    1.0   +1.39
